013019
013746
013482
010789
014422
014423
011708
009558
003425
010858
000050
010649
014600
014468
012189
014424
013918
014425
013024
014426
014427
013239
012600
000149
011551
014428
012602
000157
013969
014429
000205
013479
014430
000221
011646
011659
000238
007320
007321
014077
007854
007856
009654
014409
000489
000491
000496
010831
011841
013912
013486
000284
014225
011650
014431
014587
009623
014432
014601
013998
009165
000317
000328
000333
000334
000335
014594
014591
010283
000345
009612
000348
011997
014122
011934
014514
000389
000397
000382
014596
013619
012744
013992
013930
000530
013938
014433
014412
014413
011553
013475
012637
014414
014434
010090
014435
010765
014436
011269
013252
014579
014566
000648
000658
000671
014567
000721
000722
010967
000726
000728
000734
000739
000743
000745
000749
000750
000753
013608
010832
010833
003862
003863
001760
012072
008939
001772
013487
001780
014415
001783
001791
001794
001796
001801
001817
007945
007946
011097
011271
007955
007956
007961
014416
007952
007962
007965
007966
007968
007971
007972
007973
007974
007975
014568
014396
008072
007987
011942
007991
007992
014437
014438
001065
001068
001069
001071
010097
010099
010101
010109
012639
000976
000983
000988
000990
000993
001004
000995
011469
011470
011471
001008
001012
013434
001024
001026
001029
001035
001037
011943
001043
001045
013488
013063
014439
012283
001092
001094
014440
014441
014452
001104
001118
011340
001133
001139
001143
009642
003244
003245
003248
003253
003264
003770
014442
014469
014443
014444
014453
014569
004077
011944
014570
014571
004092
004096
002051
002053
002054
002061
002065
010455
014445
009084
002069
002071
010279
002073
002074
009125
012095
011558
002078
014446
014447
002084
002087
002095
002096
002098
014599
002128
002129
001205
001207
001209
012685
001223
001225
014448
013490
013726
010493
013474
013259
014003
008485
013790
013068
014207
014449
013492
012268
013990
014004
008029
013069
014450
014454
011329
014451
012650
013495
001260
014499
014465
011132
013494
014557
014470
014583
001287
001307
014397
001321
001329
011946
014398
011947
012621
012963
012964
001381
001380
001386
001387
001391
001390
001392
001395
009352
013264
010527
001414
013070
001407
013072
001404
001422
001420
008518
014051
001428
010311
011049
001436
001438
011949
013314
001441
001444
001447
001448
001451
001453
001455
012131
001457
001461
014171
008857
001468
011771
001476
001477
001478
001479
001480
001481
001482
001483
009056
009088
012289
013091
001529
001534
001540
001542
001543
001546
001548
009990
014455
013913
013527
008506
011636
001568
001569
014595
014472
014473
012646
012812
010275
010534
011280
010276
010535
013921
013922
010277
010536
002518
012448
011993
011776
011777
011778
002461
002462
012647
002472
013092
002477
002478
002490
011903
002503
002509
014456
002510
002514
002522
010188
002534
002542
014056
002552
002559
014597
012570
002563
014598
002565
014084
012686
013531
002589
009379
002609
002613
002614
002627
014457
002653
013274
014458
002650
014466
012440
002635
014459
014467
014593
014460
014461
013539
008972
008974
002666
002705
002713
002722
002725
002727
002729
002734
010511
014085
014031
014032
014033
014037
014034
014035
011569
014462
005800
005801
010067
011337
014471
014463
014464
013754
008864
008492
008107
008114
011662
014081
014082
011046
002846
002849
002853
002854
002859
008596
002864
002868
011303
002872
010824
013544
014474
014475
014495
002908
014476
002909
002919
002921
002928
002929
002848
014481
014539
013054
014540
014541
014542
014543
013502
013016
013503
013504
014544
014545
014094
014546
014547
014116
014548
014554
014106
014549
013512
013043
014550
014551
014552
014101
014104
013613
014103
014555
002975
002963
014062
011178
003039
009929
014589
011180
011181
011476
008308
003068
011338
003138
003143
003151
009522
010270
003158
003159
012280
014477
003204
003207
003213
003139
010855
011575
014482
007285
014505
012935
010960
003302
003304
014009
014483
009513
009983
012631
003334
012271
012451
013110
003346
008850
013758
003386
012445
014484
012037
003403
003407
003409
014485
003424
011579
012483
003436
014486
013984
014487
014488
010346
014558
014559
012825
014489
014496
014501
011424
003526
012862
014389
003531
003533
003538
013819
012508
012129
003562
014572
012135
011692
003576
005100
004537
003780
003781
010036
013536
012282
012860
013609
009380
009381
013556
003898
003904
003912
010828
013782
003899
010135
014490
014584
014491
014492
003925
003927
003931
003933
003935
003937
013909
003788
010639
003851
003852
003856
003859
009382
004879
004881
012303
004883
013910
010261
014493
013325
014494
014017
003945
009974
003952
008337
003969
003975
014019
004322
014553
013911
004328
004333
011114
013284
013561
013766
004339
002322
002325
008838
014066
002329
002330
002333
002358
014307
002345
002347
008045
008599
012252
009491
002357
002376
012855
009387
009385
008211
008276
002439
002442
012234
002411
002427
002401
014573
002445
004139
004140
012060
004149
004150
004153
004158
004159
004160
009644
004193
004180
004186
004190
004171
004173
004199
004168
012062
004200
012392
012350
012150
012178
012510
012179
012934
012632
008121
012336
012175
004277
014574
014575
012997
008598
000876
014497
010621
000878
000880
000881
013151
010614
014498
013116
012691
013934
000904
000913
012988
000926
001191
001196
001197
014586
001199
011116
004399
004401
004409
014563
004416
004417
008503
012605
004443
014290
008181
004420
004410
004412
004413
014502
013348
008504
014503
004455
014250
014504
014515
014516
013160
004480
004482
008892
004501
004503
004509
004511
004514
014500
014517
009518
014506
014507
009122
014560
004665
014576
014577
014400
014408
014578
004702
014508
008820
005628
013119
013120
014509
011355
011356
005668
014399
013616
007996
007998
007999
008000
008001
013012
008003
008004
010721
010655
008050
008009
010065
008494
008013
008015
008017
010484
008809
008024
008164
004868
004870
011904
004891
004892
004896
014510
004905
004908
004915
004936
013095
014025
013778
004956
004964
012338
011027
004984
004988
005125
005129
005131
013121
005148
005150
013915
014511
005157
005163
005174
005181
005185
012614
005198
010502
005277
005281
005283
005287
011318
009565
005300
005306
013567
013292
005329
005330
005334
009971
013568
008841
005371
005374
005376
008843
014556
014518
012346
008295
013447
014405
014406
014407
005415
012074
005425
013215
005437
011035
005438
008569
005441
005444
005445
005446
005447
009534
011660
001472
009628
009629
011601
005536
009103
010597
009104
008206
014565
005541
014521
005586
005591
012314
005602
011604
005627
010140
014026
008765
005664
005695
005702
010804
005953
005962
005971
014519
014520
009668
006006
006012
010316
009117
006041
013098
006064
006065
006067
011956
010697
010699
010700
011543
014582
011643
014410
014513
006269
006273
013926
006276
012317
014068
013518
013519
013927
013126
006291
006292
006282
014562
013977
008127
006306
006307
006321
006333
011922
012624
010038
013596
006393
014526
008187
006409
014522
012439
006399
014523
014041
014524
014525
006471
006472
006473
006561
006515
010415
006511
011169
006657
006664
006665
014561
012677
012322
006669
009308
013129
012838
013583
014527
013597
006681
008605
014528
014049
014529
011195
014580
010741
014530
006705
006721
006723
014404
014048
013598
014054
008728
009169
007893
014531
014532
007907
014533
011750
011621
013621
014581
014585
007922
014046
011759
007931
007932
007933
010983
007203
007205
012324
012670
012669
010204
012326
007217
007219
007221
008907
012668
007223
014534
007243
012132
007240
014060
014564
014535
009670
007258
007259
012090
014536
007261
008313
008314
008317
008318
008319
008320
008321
008327
008372
008330
008331
008332
008333
008335
008338
008339
008341
008342
008343
008344
008345
008346
008347
008348
008350
008351
008352
008353
008375
008366
011502
008377
008586
008587
008588
008589
008868
008867
008755
008758
008759
008761
008763
008869
009042
009075
009202
009203
009746
009747
009748
009762
009763
010044
010057
011210
011506
011050
010878
013881
012118
012094
001408
012635
012111
012115
014537
010405
012629
006762
012119
012068
012120
013589
012117
014538
006772
012122
013587
006809
006811
006814
014073
011957
006820
006821
006831
006832
009742
006846
006853
006859
006861
006862
006875
014588
013303
006901
006907
014590
011768
006930
014072
006958
006963
009541
010199
010546
010547
006992
013877
013878
006995
006996
006998
006999
007000
007002
007003
007004
008581
008872
009153
010061
009214
009542
009245
010376
010377
009076
009076